=== SDPA: 544 constraints, 3 blocks, dim=1185 ===
  Variables: 544, Constraints: 3
  Build: 293.1 ms
  out     theta       tau         kappa             k         d_inf         d_sqr           gap       bTl+cTx        mu/tau        eq_err
  ------------------------------------------------------------------------------------------------------------------------------------
    0  0.838386    1.2286    6.8242e-01    1.0921e+00    2.3827e-01    2.4711e-01    1.5913e+05    1.6050e-01    6.8242e-01      4.24e-01    2
    1  0.650752    1.0981    5.9264e-01    1.2396e+00    2.3778e-01    5.3766e-01    1.2352e+05    7.2960e-01    5.9264e-01      9.97e-01    2
    2  0.403332    0.7470    5.3991e-01    1.5746e+00    2.9570e-01    4.4029e+00    7.6553e+04    9.0412e-01    5.3991e-01      1.24e+00    2
    3  0.192992    0.3912    4.9337e-01    2.2763e+00    4.1707e-01    1.8056e+01    3.6627e+04    7.1666e-02    4.9337e-01      4.69e-01    2
    4  0.084891    0.1873    4.5317e-01    3.4322e+00    4.8224e-01    2.4283e+01    1.6111e+04   -4.3297e-01    4.5317e-01      2.23e-02    2
    5  0.039438    0.0933    4.2272e-01    5.0355e+00    5.0146e-01    1.8696e+01    7.4848e+03    3.3628e-01    4.2272e-01      7.39e-01    2
    6  0.018921    0.0474    3.9930e-01    7.2699e+00    4.9332e-01    1.5868e+01    3.5910e+03    1.0355e+00    3.9930e-01      1.43e+00    2
    7  0.008966    0.0235    3.8088e-01    1.0561e+01    4.8458e-01    1.6281e+01    1.7016e+03    1.3578e+00    3.8088e-01      1.73e+00    2
    8  0.004024    0.0110    3.6647e-01    1.5764e+01    4.7656e-01    1.9728e+01    7.6375e+02    1.3913e+00    3.6647e-01      1.76e+00    2
    9  0.001617    0.0046    3.5520e-01    2.4866e+01    4.7204e-01    2.9867e+01    3.0691e+02    1.0349e+00    3.5520e-01      1.39e+00    2
   10  0.001000    0.0028    3.5215e-01    3.1623e+01    1.2416e-01    2.8903e+00    1.8980e+02    5.9776e-01    3.5215e-01      9.49e-01    2
   11  0.001000    0.0028    3.5224e-01    3.1623e+01    2.7214e-05    1.3842e-09    1.8980e+02   -3.5174e-01    3.5224e-01      1.20e-12    2
  Optimality: dual_res=1.81e-11, compl=-3.24e+05, min_s=-1.10e+00, min_lam=-1.41e+01
  ThetaCont: 24 fac, 72 sol, mu=1.00e-03, 38005.8 ms
    Opt: dual_res=1.81e-11, compl=-3.24e+05, min_s=-1.10e+00, min_lam=-1.41e+01

