=== SDPA: 1716 constraints, 1 blocks, dim=120 ===
  Variables: 1716, Constraints: 1
  Build: 78.7 ms
  out     theta       tau         kappa             k         d_inf         d_sqr           gap       bTl+cTx        mu/tau        eq_err
  ------------------------------------------------------------------------------------------------------------------------------------
    0  0.435774    0.8573    5.0834e-01    1.5148e+00    4.0547e-01    3.7384e+00    6.2735e+03   -7.2562e-02    5.0834e-01      9.44e-16    2
    1  0.210792    0.9763    2.1591e-01    2.1781e+00    2.1418e-01    1.6201e+00    3.0351e+03   -5.1216e-03    2.1591e-01      1.28e-15    2
    2  0.052022    1.2417    4.1896e-02    4.3843e+00    5.3941e-01    5.9566e+00    7.4881e+02    1.0127e-02    4.1896e-02      6.66e-16    2
    3  0.009026    1.5414    5.8560e-03    1.0526e+01    7.2512e-01    1.1536e+01    1.2987e+02    3.1703e-03    5.8560e-03      3.87e-16    2
    4  0.001970    2.0376    9.6675e-04    2.2531e+01    7.3239e-01    9.5752e+00    2.8348e+01    1.0031e-03    9.6675e-04      4.39e-16    2
    5  0.001000    2.6345    3.7958e-04    3.1623e+01    2.6139e-01    1.1205e+00    1.4399e+01    6.2042e-04    3.7958e-04      4.00e-16    2
    6  0.001000    2.6745    3.7390e-04    3.1623e+01    4.7246e-04    1.2547e-06    1.4400e+01    6.2610e-04    3.7390e-04      2.68e-16    2
  Optimality: dual_res=1.44e-11, compl=6.26e-04, min_s=-8.10e-04, min_lam=-9.93e-04
  ThetaCont: 14 fac, 42 sol, mu=1.00e-03, 2401.6 ms
    Opt: dual_res=1.44e-11, compl=6.26e-04, min_s=-8.10e-04, min_lam=-9.93e-04

