=== SDPA: 2379 constraints, 1 blocks, dim=105 ===
  Variables: 2379, Constraints: 1
  Build: 168.5 ms
  out     theta       tau         kappa             k         d_inf         d_sqr           gap       bTl+cTx        mu/tau        eq_err
  ------------------------------------------------------------------------------------------------------------------------------------
    0  0.769102    0.7709    9.9770e-01    1.1403e+00    7.0013e-02    2.5051e-01    8.4792e+03   -1.0136e+00    9.9770e-01      1.59e-02    2
    1  0.538080    0.5426    9.9169e-01    1.3633e+00    2.2380e-01    1.5562e-01    5.9322e+03   -1.0178e+00    9.9169e-01      2.61e-02    2
    2  0.227529    0.2386    9.5343e-01    2.0964e+00    5.5050e-01    2.2007e+00    2.5080e+03   -1.2876e+00    9.5343e-01      3.34e-01    2
    3  0.089380    0.1067    8.3755e-01    3.3449e+00    6.1446e-01    2.6802e+00    9.8518e+02   -2.1429e+00    8.3755e-01      1.31e+00    2
    4  0.043579    0.0636    6.8518e-01    4.7903e+00    4.4915e-01    1.1316e+00    4.8041e+02   -1.9016e+00    6.8518e-01      1.22e+00    2
    5  0.026360    0.0455    5.7883e-01    6.1593e+00    5.4642e-01    6.2638e-01    2.9060e+02   -3.4671e+00    5.7883e-01      2.89e+00    2
    6  0.019529    0.0358    5.4507e-01    7.1558e+00    3.2349e-01    3.6519e-01    2.1530e+02   -2.3909e-01    5.4507e-01      3.06e-01    2
    7  0.014239    0.0269    5.2895e-01    8.3802e+00    2.7501e-01    2.4788e-01    1.5699e+02    3.7787e+00    5.2895e-01      4.31e+00    2
    8  0.009293    0.0178    5.2086e-01    1.0373e+01    3.0639e-01    2.7828e-01    1.0246e+02    6.4296e+00    5.2086e-01      6.95e+00    2
    9  0.004951    0.0096    5.1726e-01    1.4212e+01    3.6894e-01    5.1262e-01    5.4579e+01    6.6302e+00    5.1726e-01      7.15e+00    2
   10  0.002006    0.0039    5.1649e-01    2.2330e+01    4.9025e-01    1.2108e+00    2.2109e+01    1.7012e+00    5.1649e-01      2.22e+00    2
   11  0.001000    0.0019    5.1745e-01    3.1623e+01    3.0721e-01    4.6870e-01    1.1025e+01    2.9653e+00    5.1745e-01      3.48e+00    2
   12  0.001000    0.0019    5.1768e-01    3.1623e+01    1.1368e-03    2.8186e-06    1.1025e+01   -5.1768e-01    5.1768e-01      1.01e-12    2
  Optimality: dual_res=6.17e-09, compl=-1.02e+06, min_s=-1.00e+00, min_lam=-1.58e+01
  ThetaCont: 26 fac, 78 sol, mu=1.00e-03, 5006.0 ms
    Opt: dual_res=6.17e-09, compl=-1.02e+06, min_s=-1.00e+00, min_lam=-1.58e+01

