=== SDPA: 544 constraints, 2 blocks, dim=865 ===
  Variables: 544, Constraints: 2
  Build: 30.7 ms
  out     theta       tau         kappa             k         d_inf         d_sqr           gap       bTl+cTx        mu/tau        eq_err
  ------------------------------------------------------------------------------------------------------------------------------------
    0  0.793415    1.1916    6.6585e-01    1.1227e+00    2.0981e-01    2.4242e-01    8.2186e+04   -8.9488e-02    6.6585e-01      1.80e-01    2
    1  0.594143    1.0331    5.7511e-01    1.2973e+00    2.3015e-01    2.6154e-01    6.1544e+04    6.0514e-01    5.7511e-01      8.83e-01    2
    2  0.367839    0.7071    5.2023e-01    1.6488e+00    3.2248e-01    1.0563e+00    3.8102e+04    6.4518e-01    5.2023e-01      9.81e-01    2
    3  0.195752    0.4123    4.7473e-01    2.2602e+00    4.3525e-01    2.8293e+00    2.0276e+04   -2.6847e-01    4.7473e-01      1.08e-01    2
    4  0.107167    0.2423    4.4234e-01    3.0547e+00    4.6544e-01    3.0753e+00    1.1101e+04   -5.1042e-02    4.4234e-01      3.38e-01    2
    5  0.061724    0.1465    4.2139e-01    4.0251e+00    4.4425e-01    2.8064e+00    6.3936e+03    1.5726e+00    4.2139e-01      1.96e+00    2
    6  0.035156    0.0866    4.0614e-01    5.3334e+00    4.2882e-01    3.1181e+00    3.6415e+03    2.7180e+00    4.0614e-01      3.11e+00    2
    7  0.019053    0.0483    3.9429e-01    7.2447e+00    4.2840e-01    3.2516e+00    1.9735e+03    3.4424e+00    3.9429e-01      3.83e+00    2
    8  0.009532    0.0248    3.8461e-01    1.0243e+01    4.3919e-01    3.4688e+00    9.8734e+02    3.5889e+00    3.8461e-01      3.97e+00    2
    9  0.004310    0.0115    3.7638e-01    1.5233e+01    4.5713e-01    4.5854e+00    4.4640e+02    3.0761e+00    3.7638e-01      3.45e+00    2
   10  0.001737    0.0047    3.6913e-01    2.3992e+01    4.7381e-01    6.8882e+00    1.7994e+02    2.0410e+00    3.6913e-01      2.41e+00    2
   11  0.001000    0.0027    3.6610e-01    3.1623e+01    1.8015e-01    1.1323e+00    1.0358e+02    1.8735e+00    3.6610e-01      2.24e+00    2
   12  0.001000    0.0027    3.6620e-01    3.1623e+01    1.2811e-04    3.0029e-08    1.0358e+02   -3.6570e-01    3.6620e-01      1.20e-13    2
  Optimality: dual_res=1.20e-09, compl=-1.22e+06, min_s=-1.03e+00, min_lam=-7.87e+01
  ThetaCont: 26 fac, 78 sol, mu=1.00e-03, 31523.0 ms
    Opt: dual_res=1.20e-09, compl=-1.22e+06, min_s=-1.03e+00, min_lam=-7.87e+01

