=== SDPA: 544 constraints, 3 blocks, dim=1185 ===
  Variables: 544, Constraints: 3
  Build: 170.6 ms
  out     theta       tau         kappa             k         d_inf         d_sqr           gap       bTl+cTx        mu/tau        eq_err
  ------------------------------------------------------------------------------------------------------------------------------------
    0  0.838001    1.2279    6.8248e-01    1.0924e+00    2.3848e-01    2.4792e-01    1.5906e+05    1.8058e-01    6.8248e-01      4.24e-01    2
    1  0.649941    1.0967    5.9266e-01    1.2404e+00    2.3823e-01    5.4197e-01    1.2336e+05    7.4326e-01    5.9266e-01      9.95e-01    2
    2  0.402243    0.7452    5.3974e-01    1.5767e+00    2.9812e-01    4.4427e+00    7.6346e+04    9.0294e-01    5.3974e-01      1.23e+00    2
    3  0.192471    0.3904    4.9297e-01    2.2794e+00    4.2155e-01    1.8023e+01    3.6528e+04    5.2080e-02    4.9297e-01      4.44e-01    2
    4  0.084966    0.1876    4.5280e-01    3.4307e+00    4.8429e-01    2.3865e+01    1.6125e+04   -4.1184e-01    4.5280e-01      3.56e-03    2
    5  0.039553    0.0936    4.2248e-01    5.0282e+00    5.0076e-01    1.8476e+01    7.5066e+03    3.6771e-01    4.2248e-01      7.69e-01    2
    6  0.018944    0.0475    3.9911e-01    7.2655e+00    4.9279e-01    1.5981e+01    3.5953e+03    1.0319e+00    3.9911e-01      1.42e+00    2
    7  0.008943    0.0235    3.8070e-01    1.0575e+01    4.8460e-01    1.6580e+01    1.6972e+03    1.3310e+00    3.8070e-01      1.71e+00    2
    8  0.003994    0.0109    3.6631e-01    1.5823e+01    4.7676e-01    2.0168e+01    7.5806e+02    1.3557e+00    3.6631e-01      1.72e+00    2
    9  0.001595    0.0045    3.5507e-01    2.5040e+01    4.7232e-01    3.0624e+01    3.0266e+02    9.9145e-01    3.5507e-01      1.35e+00    2
   10  0.001000    0.0028    3.5219e-01    3.1623e+01    1.1679e-01    2.5938e+00    1.8980e+02    5.4571e-01    3.5219e-01      8.97e-01    2
   11  0.001000    0.0028    3.5226e-01    3.1623e+01    2.1132e-05    8.2777e-10    1.8980e+02   -3.5174e-01    3.5226e-01      1.42e-12    2
  Optimality: dual_res=2.03e-11, compl=-3.20e+05, min_s=-1.10e+00, min_lam=-1.26e+01
  ThetaCont: 24 fac, 72 sol, mu=1.00e-03, 36973.5 ms
    Opt: dual_res=2.03e-11, compl=-3.20e+05, min_s=-1.10e+00, min_lam=-1.26e+01

